Chuva_Anual(mm)
891
1021
433
1048
435
635
343
314
454
384
739
383
308
500
1098
554
919
970
912
208
876
1452
645
262
722
992
1279
566
1350
881
770
801
568
765
407
522
329
616
1291
837
972
657
763
701
1012
489
352
508
755
937
709
895
622
727
826
483
559
342
364
670
592
682
319
577
716
857
647
877
1312
864
768
1086
804
979
581
778
594
1503
1271
1050
562
1079
734
557
941
610
816
281
1096
1422
1315
694
749
1154
505
626
583
190
833
712
763
813
250
745
736
595
1072
665
1163
462
672
569
740
1105
678
880
270