Chuva_mensal(mm)
50.0
90.0
266.0
272.0
137.0
36.0
8.0
12.0
19.0
0.0
0.2
1.0
59.0
104.0
270.0
122.0
286.0
119.0
35.0
25.0
0.0
0.2
1.0
0.0
1.0
170.0
53.0
120.0
14.0
9.0
2.0
0.0
0.0
0.0
2.0
62.0
83.0
206.0
277.0
146.0
78.0
129.0
73.0
54.0
0.0
1.0
0.2
1.0
64.0
99.0
40.0
26.0
24.0
10.0
4.0
0.0
0.0
0.0
0.1
168.0
19.0
130.0
214.0
108.0
66.0
53.0
34.0
0.0
3.0
0.0
8.0
0.0
33.0
20.0
52.0
98.0
111.0
2.0
16.0
9.0
0.0
1.0
0.2
1.0
73.0
79.0
91.0
24.0
17.0
13.0
16.0
0.0
0.0
0.0
0.0
1.0
24.0
13.0
186.0
77.0
50.0
32.0
42.0
30.0
0.0
0.0
0.2
0.1
17.0
66.0
169.0
78.0
21.0
29.0
1.0
0.0
0.0
0.0
0.0
3.0
0.0
158.0
184.0
139.0
208.0
38.0
9.0
2.0
0.0
0.0
0.0
1.0
52.0
147.0
61.0
75.0
22.0
26.0
0.0
0.0
0.0
0.0
0.0
0.0
17.0
25.0
65.0
109.0
36.0
14.0
29.0
0.0
0.0
7.0
4.0
2.0
27.0
122.0
37.0
251.0
26.0
3.0
0.0
2.0
0.1
0.0
1.0
31.0
122.0
78.0
297.0
178.0
274.0
16.0
0.0
0.0
0.0
0.0
23.0
110.0
199.0
44.0
158.0
74.0
22.0
0.0
24.0
0.0
0.0
0.0
0.0
33.0
172.0
141.0
179.0
228.0
124.0
68.0
4.0
2.0
1.0
0.0
0.0
0.0
88.0
266.0
187.0
138.0
154.0
42.0
30.0
3.0
3.0
2.0
2.0
55.0
135.0
82.0
107.0
165.0
169.0
127.0
39.0
80.0
0.0
5.0
2.0
1.0
19.0
1.0
29.0
82.0
13.0
5.0
0.0
1.0
0.0
0.0
1.0
57.0
73.0
45.0
268.0
104.0
136.0
136.0
1.0
2.0
0.0
0.0
9.0
102.0
285.0
195.0
332.0
306.0
171.0
28.0
24.0
1.0
2.0
0.2
27.0
81.0
90.0
127.0
47.0
97.0
66.0
87.0
46.0
62.0
12.0
0.0
1.0
10.0
120.0
7.0
47.0
14.0
16.0
5.0
34.0
17.0
2.0
0.0
0.0
0.0
2.0
6.0
214.0
126.0
167.0
62.0
58.0
1.0
15.0
10.0
5.0
56.0
30.4
166.0
189.5
105.1
288.4
31.4
121.1
2.6
4.5
0.5
48.7
4.2
6.3
32.9
218.0
523.1
238.4
112.9
95.3
18.2
0.0
0.0
24.1
9.7
30.7
149.0
113.0
150.1
20.3
77.8
24.1
0.0
0.0
0.2
0.1
0.4
59.1
199.1
358.7
354.3
177.2
134.2
3.8
23.3
1.3
9.0
6.3
23.7
187.5
120.5
258.4
197.7
77.0
23.0
4.1
3.7
1.4
0.1
1.9
5.3
41.3
168.8
259.8
151.8
114.7
22.6
6.5
0.0
0.0
1.5
1.7
0.8
30.4
142.9
202.5
270.0
89.3
14.1
41.7
0.0
0.0
0.2
0.2
9.5
31.6
11.4
237.7
132.5
93.5
50.1
3.8
0.0
2.7
2.7
2.1
0.2
18.8
153.5
175.9
181.6
146.5
20.8
28.6
1.5
0.0
0.2
3.7
33.7
70.1
36.8
117.2
98.8
9.3
63.7
1.5
0.2
0.0
3.3
0.7
5.3
70.2
80.2
114.4
122.7
46.9
40.7
3.6
12.1
6.8
3.7
0.0
20.2
70.8
55.3
39.4
102.3
13.0
11.8
6.2
0.0
22.4
0.5
0.1
6.9
96.7
90.6
180.8
170.4
44.2
8.3
7.3
1.3
0.0
1.9
1.2
13.6
33.6
270.8
479.6
193.8
217.9
46.8
0.9
0.1
0.3
0.0
7.3
39.6
38.2
190.6
165.8
252.9
75.1
77.8
16.8
9.8
0.0
2.2
0.6
6.7
16.0
159.4
257.5
76.3
287.3
137.1
33.3
0.5
0.0
0.0
1.5
3.0
2.6
146.8
65.4
131.4
169.6
84.9
39.3
10.8
0.0
1.4
3.7
0.7
29.3
8.8
355.6
237.9
47.1
63.3
11.1
0.0
0.0
0.0
0.6
9.5
4.0
129.2
205.2
141.2
74.3
39.9
26.2
5.0
23.5
23.1
27.8
1.1
65.1
81.8
225.6
303.0
211.1
77.9
21.5
16.0
5.2
2.9
2.2
0.1
5.9
77.3
148.1
122.4
49.4
14.6
60.0
9.4
0.0
0.2
0.3
1.6
14.4
64.6
77.2
59.6
23.8
15.3
3.6
8.9
0.0
2.5
4.6
77.2
27.3
91.1
117.8
90.8
51.1
17.2
25.9
45.4
27.5
0.0
5.4
8.9
54.7
28.1
229.7
237.5
69.0
33.9
45.1
6.8
0.1
1.0
1.9
47.6
129.0
176.9
94.5
127.4
211.6
68.8
91.7
6.3
0.9
0.4
6.1
23.8
151.7
176.0
69.6
155.5
47.0
13.6
1.5
0.0
1.7
37.7
0.6
53.8
63.2
124.0
250.1
214.6
87.8
28.1
19.4
0.2
11.9
1.4
34.9
59.0
7.5
24.2
179.0
183.5
117.8
58.9
28.5
12.2
4.0
4.4
0.0
1.7
3.9
91.1
150.2
167.9
154.0
46.5
8.1
32.9
12.6
0.0
60.0
0.0
17.8
58.9
280.6
304.8
129.1
12.9
5.8
9.5
4.0
1.3
1.3
0.0
18.0
41.0
30.0
129.0
67.0
124.0
12.0
0.1
0.0
0.1
0.0
62.0
6.0
33.0
221.0
137.0
119.0
11.0
3.0
5.0
0.0
2.0
2.0
20.0
14.0
24.0
36.0
137.0
74.0
40.0
5.0
9.0
0.0
1.0
1.0
1.0
52.0
43.0
85.0
68.0
93.0
13.0
2.0
3.0
1.0
0.1
4.0
0.0
91.0
73.0
143.0
177.0
161.0
1.0
5.0
10.0
1.0
4.0
1.0
3.0
1.0
165.0
226.0
115.0
9.0
3.0
28.0
35.0
0.0
2.0
4.0
4.0
47.0
24.0
218.0
289.0
73.0
7.0
18.0
0.1
0.0
1.0
0.0
5.0
17.0
22.0
38.0
36.0
144.0
11.0
34.0
5.0
5.0
0.0
2.0
5.0
136.0
68.0
128.0
127.0
59.0
43.0
2.0
1.0
2.0
2.0
2.0
7.0
0.1
19.0
319.0
192.0
123.0
16.0
40.0
1.0
1.0
2.0
1.0
2.0
98.8
164.5
186.5
158.3
202.1
3.9
41.5
0.0
0.0
0.0
1.0
0.8
17.1
70.9
171.0
102.4
90.4
44.2
50.0
0.7
1.0
0.0
6.1
93.2
75.5
183.8
277.3
202.0
26.9
49.4
6.7
4.4
0.0
0.0
7.4
43.4
223.5
185.0
294.6
253.6
219.6
65.7
30.7
30.5
6.0
1.7
0.8
0.2
96.2
0.6
114.7
274.3
103.7
254.6
12.5
0.0
0.0
3.2
0.5
3.6
9.2
180.5
120.7
186.1
117.3
58.7
65.1
0.0
0.0
0.0
6.9
23.0
26.0
216.6
245.0
264.5
223.5
23.7
61.8
1.0
3.8
0.0
1.4
18.6
206.9
38.0
201.0
62.4
151.4
30.2
58.2
35.6
0.0
5.2
11.8
3.0
116.6
14.0
285.2
173.5
176.6
102.6
99.6
10.4
0.0
0.0
0.0
0.0
124.1
89.9
172.4
124.3
25.4
6.9
5.9
8.6
0.0
1.6
10.4
11.6
55.0
114.0
124.0
145.0
148.0
109.0
58.0
11.0
8.0
0.0
4.0
2.0
43.0
26.0
95.0
203.0
45.0
41.0
1.0
44.0
0.0
0.0
0.0
96.0
44.0
618.0
115.0
330.0
137.0
62.0
175.0
0.0
0.0
14.0
2.0
6.0
172.0
168.0
283.0
243.0
259.0
66.0
31.0
5.0
0.0
14.0
3.0
27.0
92.0
80.0
154.0
186.0
118.0
237.0
137.0
9.0
1.0
2.0
0.0
34.0
12.0
104.0
164.0
128.0
116.0
6.0
3.0
3.0
6.0
4.0
12.0
4.0
90.0
80.0
193.0
168.0
225.0
228.0
64.0
0.0
0.0
0.0
0.0
31.0
15.0
175.0
66.0
102.0
205.0
76.0
49.0
4.0
10.0
0.0
32.0
0.0
26.0
31.0
61.0
96.0
153.0
88.0
18.0
3.0
5.0
1.0
75.0
0.0
44.0
312.0
297.0
118.0
23.0
120.0
4.0
1.0
0.0
0.0
8.0
14.0
72.0
50.0
331.0
36.0
9.0
13.0
1.0
0.0
0.0
0.0
0.0
98.0
68.0
92.0
100.0
171.0
146.0
24.0
3.0
27.0
0.0
0.1
180.0
5.0
7.0
106.0
96.0
52.0
11.0
5.0
2.0
1.0
0.0
1.0
0.0
0.0
45.0
51.0
181.0
437.0
192.0
119.0
56.0
4.0
7.0
0.0
1.0
3.0
159.0
169.0
270.0
462.0
58.0
87.0
117.0
25.0
0.1
5.0
2.0
68.0
19.0
192.0
246.0
361.0
241.0
109.0
35.0
57.0
39.0
4.0
0.0
12.0
35.6
72.0
235.4
236.0
19.0
77.8
12.0
0.0
1.0
0.1
0.0
5.0
50.0
77.0
140.0
192.0
163.0
52.0
51.0
3.0
1.0
2.0
0.1
18.0
76.0
9.0
180.0
305.0
309.0
50.0
111.0
10.0
0.0
0.0
0.0
104.0
0.0
77.0
9.0
197.0
144.8
56.0
0.0
21.2
0.0
0.0
0.0
0.0
59.0
16.8
165.1
103.0
139.8
0.0
2.0
140.0
0.0
0.1
0.0
0.1
60.0
163.6
140.0
150.0
30.0
36.0
0.0
0.0
0.0
0.0
1.0
2.0
24.0
72.0
27.0
21.0
0.0
23.0
21.0
0.0
0.0
0.1
0.1
2.0
58.0
159.0
168.2
95.0
176.5
143.0
32.0
1.0
0.1
0.0
0.0
0.0
28.0
56.6
119.0
236.0
136.0
72.1
42.0
0.0
0.0
0.0
22.0
0.0
157.0
9.0
162.0
270.0
98.0
7.0
7.0
35.0
0.0
2.0
9.0
7.0
38.0
119.0
213.0
227.0
102.0
11.0
11.0
31.0
23.0
2.0
13.0
23.0
86.0
26.0
41.4
52.0
29.1
2.0
3.0
10.0
0.0
0.0
0.1
0.0
149.0
98.0
151.2
170.0
73.0
31.0
20.0
0.0
2.0
4.0
13.0
34.0
73.0
30.0
137.0
221.0
91.0
96.0
0.0
57.0
0.0
0.0
0.0
31.0
38.0
210.0
173.0
164.0
0.0
0.0
0.0
0.0
0.0
3.0
0.0
7.0
407.0
70.0
120.0
316.0
104.0
52.0
0.0
0.0
0.0
2.0
0.0
1.0
40.0
123.0
156.0
173.0
62.6
80.0
3.0
0.0
0.0
0.0
0.0
27.0
305.0
192.0
170.0
130.0
70.0
229.0
34.0
28.0
0.0
0.0
0.0
5.0
24.0
16.0
84.0
80.0
147.9
57.0
38.0
1.0
0.0
0.0
0.0
14.0
64.8
32.0
158.0
123.0
176.0
40.0
10.0
5.0
2.0
50.0
0.0
11.0
7.0
165.0
146.0
99.0
66.0
78.0
1.0
1.0
0.0
0.0
0.0
6.0
84.0
47.0
254.0
140.0
133.0
18.0
49.0
5.0
0.0
0.0
2.0
8.0
31.0
101.0
164.0
329.0
224.0
93.0
74.0
54.0
0.0
0.0
3.0
32.0
64.0
18.0
99.0
225.0
53.0
117.0
2.0
0.0
0.0
12.0
0.0
88.0
138.0
155.0
154.0
173.0
118.6
122.2
7.0
0.0
12.0
0.0
0.0
0.0
14.8
83.8
49.2
79.4
21.0
22.0
0.0
0.0
0.0
0.0
0.0
0.0